open_time,open,high,low,close,volume,amount,close_time
1722009600000,67560.0100000000000000000000000000,67652.0100000000000000000000000000,67544.0100000000000000000000000000,67608.0000000000000000000000000000,33.32295200,2252619.130000000000000000,1722009900000
1722009900000,67608.0000000000000000000000000000,67654.0100000000000000000000000000,67500.0100000000000000000000000000,67530.0000000000000000000000000000,36.09877800,2440253.750000000000000000,1722010200000
1722010200000,67530.0000000000000000000000000000,67590.0000000000000000000000000000,67508.1000000000000000000000000000,67508.1000000000000000000000000000,30.90883300,2087895.210000000000000000,1722010500000
1722010500000,67508.1000000000000000000000000000,67610.0000000000000000000000000000,67500.0000000000000000000000000000,67552.0100000000000000000000000000,25.13555900,1697894.970000000000000000,1722010800000
1722010800000,67552.0100000000000000000000000000,67626.0000000000000000000000000000,67510.9200000000000000000000000000,67622.0100000000000000000000000000,39.72206700,2684811.900000000000000000,1722011100000
1722011100000,67622.0100000000000000000000000000,67685.5900000000000000000000000000,67618.2100000000000000000000000000,67644.0000000000000000000000000000,23.08148100,1561498.600000000000000000,1722011400000
1722011400000,67644.0000000000000000000000000000,67683.5400000000000000000000000000,67590.1700000000000000000000000000,67590.1700000000000000000000000000,29.33181100,1984159.540000000000000000,1722011700000
1722011700000,67590.1700000000000000000000000000,67645.8100000000000000000000000000,67568.0000000000000000000000000000,67599.9900000000000000000000000000,28.20798100,1906837.440000000000000000,1722012000000
1722012000000,67599.9900000000000000000000000000,67620.0000000000000000000000000000,67540.0000000000000000000000000000,67589.9900000000000000000000000000,31.81619400,2150160.920000000000000000,1722012300000
1722012300000,67589.9900000000000000000000000000,67622.9000000000000000000000000000,67512.0000000000000000000000000000,67515.0000000000000000000000000000,21.73038700,1468108.950000000000000000,1722012600000
1722012600000,67515.0000000000000000000000000000,67550.0000000000000000000000000000,67490.0000000000000000000000000000,67490.0100000000000000000000000000,26.37324600,1780788.360000000000000000,1722012900000
1722012900000,67490.0100000000000000000000000000,67490.0100000000000000000000000000,67366.7900000000000000000000000000,67395.3900000000000000000000000000,26.31798500,1774117.690000000000000000,1722013200000
1722013200000,67395.3900000000000000000000000000,67431.0800000000000000000000000000,67345.9600000000000000000000000000,67431.0800000000000000000000000000,22.95736200,1547008.380000000000000000,1722013500000
1722013500000,67431.0800000000000000000000000000,67436.0100000000000000000000000000,67309.3300000000000000000000000000,67309.3400000000000000000000000000,11.52615000,776437.470000000000000000,1722013800000
1722013800000,67309.3400000000000000000000000000,67384.0000000000000000000000000000,67309.3400000000000000000000000000,67357.0600000000000000000000000000,15.58084100,1049371.380000000000000000,1722014100000
1722014100000,67357.0600000000000000000000000000,67427.7700000000000000000000000000,67346.0000000000000000000000000000,67427.7700000000000000000000000000,23.41679400,1578115.410000000000000000,1722014400000
1722014400000,67427.7700000000000000000000000000,67443.5200000000000000000000000000,67400.0000000000000000000000000000,67443.5100000000000000000000000000,16.78271800,1131446.000000000000000000,1722014700000
1722014700000,67443.5100000000000000000000000000,67570.0000000000000000000000000000,67433.4800000000000000000000000000,67569.9900000000000000000000000000,15.31835400,1033785.480000000000000000,1722015000000
1722015000000,67569.9900000000000000000000000000,67600.0000000000000000000000000000,67420.0000000000000000000000000000,67446.6600000000000000000000000000,11.38995800,769238.020000000000000000,1722015300000
1722015300000,67446.6600000000000000000000000000,67446.6600000000000000000000000000,67322.0000000000000000000000000000,67322.0100000000000000000000000000,24.50734200,1651267.460000000000000000,1722015600000
1722015600000,67322.0100000000000000000000000000,67379.8500000000000000000000000000,67310.0000000000000000000000000000,67360.0000000000000000000000000000,9.27302300,624506.570000000000000000,1722015900000
1722015900000,67360.0000000000000000000000000000,67441.9900000000000000000000000000,67344.5500000000000000000000000000,67358.6500000000000000000000000000,14.63858300,986554.980000000000000000,1722016200000
1722016200000,67358.6500000000000000000000000000,67390.4200000000000000000000000000,67328.0000000000000000000000000000,67386.0000000000000000000000000000,11.33792100,763538.240000000000000000,1722016500000
1722016500000,67386.0000000000000000000000000000,67396.0000000000000000000000000000,67364.0000000000000000000000000000,67372.0000000000000000000000000000,3.57171400,240658.990000000000000000,1722016800000
1722016800000,67372.0000000000000000000000000000,67416.0000000000000000000000000000,67336.0800000000000000000000000000,67410.0000000000000000000000000000,5.85696900,394655.740000000000000000,1722017100000
1722017100000,67410.0000000000000000000000000000,67533.2200000000000000000000000000,67396.0000000000000000000000000000,67533.2200000000000000000000000000,13.78798200,930337.950000000000000000,1722017400000
1722017400000,67533.2200000000000000000000000000,67571.9900000000000000000000000000,67508.0100000000000000000000000000,67554.7100000000000000000000000000,18.51219200,1250290.960000000000000000,1722017700000
1722017700000,67554.7100000000000000000000000000,67602.0900000000000000000000000000,67553.4700000000000000000000000000,67586.0100000000000000000000000000,5.96728800,403307.180000000000000000,1722018000000
1722018000000,67586.0100000000000000000000000000,67594.0000000000000000000000000000,67434.9200000000000000000000000000,67448.0000000000000000000000000000,10.43195600,704023.310000000000000000,1722018300000
1722018300000,67448.0000000000000000000000000000,67506.0100000000000000000000000000,67430.6000000000000000000000000000,67432.0000000000000000000000000000,15.98036200,1078249.080000000000000000,1722018600000
1722018600000,67432.0000000000000000000000000000,67438.0100000000000000000000000000,67384.0000000000000000000000000000,67420.0000000000000000000000000000,15.53861200,1047407.730000000000000000,1722018900000
1722018900000,67420.0000000000000000000000000000,67450.0000000000000000000000000000,67376.3800000000000000000000000000,67412.0000000000000000000000000000,22.88379400,1542529.080000000000000000,1722019200000
1722019200000,67412.0000000000000000000000000000,67558.0300000000000000000000000000,67390.0100000000000000000000000000,67558.0200000000000000000000000000,24.60785200,1659937.240000000000000000,1722019500000
1722019500000,67558.0200000000000000000000000000,67577.1500000000000000000000000000,67486.0000000000000000000000000000,67570.0100000000000000000000000000,28.13504900,1900186.970000000000000000,1722019800000
1722019800000,67570.0100000000000000000000000000,67570.0100000000000000000000000000,67470.0000000000000000000000000000,67480.3800000000000000000000000000,25.93252800,1751166.290000000000000000,1722020100000
1722020100000,67480.3800000000000000000000000000,67573.7600000000000000000000000000,67476.1100000000000000000000000000,67573.7600000000000000000000000000,26.15620100,1766269.540000000000000000,1722020400000
1722020400000,67573.7400000000000000000000000000,67650.0000000000000000000000000000,67552.4800000000000000000000000000,67622.0100000000000000000000000000,31.10934900,2102610.000000000000000000,1722020700000
1722020700000,67622.0100000000000000000000000000,67670.0100000000000000000000000000,67592.0000000000000000000000000000,67656.0100000000000000000000000000,41.60063800,2813991.200000000000000000,1722021000000
1722021000000,67656.0100000000000000000000000000,67699.5100000000000000000000000000,67644.0100000000000000000000000000,67670.0000000000000000000000000000,26.84564900,1816664.800000000000000000,1722021300000
1722021300000,67670.0000000000000000000000000000,67749.5300000000000000000000000000,67630.0000000000000000000000000000,67731.9900000000000000000000000000,20.19377000,1367045.810000000000000000,1722021600000
1722021600000,67731.9900000000000000000000000000,67866.0000000000000000000000000000,67654.1100000000000000000000000000,67846.0000000000000000000000000000,29.85378600,2023045.810000000000000000,1722021900000
1722021900000,67846.0000000000000000000000000000,67874.0000000000000000000000000000,67830.0000000000000000000000000000,67874.0000000000000000000000000000,27.22643000,1847455.400000000000000000,1722022200000
1722022200000,67874.0000000000000000000000000000,67888.0000000000000000000000000000,67700.6500000000000000000000000000,67743.5600000000000000000000000000,38.16838800,2587900.050000000000000000,1722022500000
1722022500000,67743.5600000000000000000000000000,67879.5200000000000000000000000000,67743.5600000000000000000000000000,67839.6200000000000000000000000000,27.94632100,1895241.480000000000000000,1722022800000
1722022800000,67839.6200000000000000000000000000,67949.9900000000000000000000000000,67836.0000000000000000000000000000,67949.9900000000000000000000000000,32.44644300,2202766.230000000000000000,1722023100000
1722023100000,67949.9900000000000000000000000000,68144.0100000000000000000000000000,67928.0100000000000000000000000000,68056.3300000000000000000000000000,38.82682300,2641003.020000000000000000,1722023400000
1722023400000,68056.3300000000000000000000000000,68077.2000000000000000000000000000,67816.0000000000000000000000000000,67850.0000000000000000000000000000,38.91739500,2642489.070000000000000000,1722023700000
1722023700000,67850.0000000000000000000000000000,68026.0300000000000000000000000000,67802.4600000000000000000000000000,67989.9900000000000000000000000000,30.61902900,2079387.350000000000000000,1722024000000
1722024000000,67989.9900000000000000000000000000,68000.0100000000000000000000000000,67830.0100000000000000000000000000,67852.0200000000000000000000000000,20.45821900,1389268.020000000000000000,1722024300000
1722024300000,67852.0200000000000000000000000000,67864.0000000000000000000000000000,67816.0000000000000000000000000000,67825.9900000000000000000000000000,9.66624800,655707.440000000000000000,1722024600000
1722024600000,67825.9900000000000000000000000000,67826.0000000000000000000000000000,67719.9600000000000000000000000000,67723.7400000000000000000000000000,10.59341900,718224.910000000000000000,1722024900000
1722024900000,67723.7400000000000000000000000000,67800.0000000000000000000000000000,67714.0100000000000000000000000000,67799.9400000000000000000000000000,17.67968300,1198140.270000000000000000,1722025200000
1722025200000,67799.9400000000000000000000000000,67883.9900000000000000000000000000,67799.9400000000000000000000000000,67800.0100000000000000000000000000,12.70533400,861902.100000000000000000,1722025500000
1722025500000,67800.0100000000000000000000000000,67890.0000000000000000000000000000,67760.3500000000000000000000000000,67840.0100000000000000000000000000,17.25104900,1170251.960000000000000000,1722025800000
1722025800000,67840.0100000000000000000000000000,67872.0100000000000000000000000000,67813.4300000000000000000000000000,67845.2200000000000000000000000000,11.11660300,754149.550000000000000000,1722026100000
1722026100000,67845.2200000000000000000000000000,67845.2200000000000000000000000000,67556.0000000000000000000000000000,67664.0100000000000000000000000000,14.24729400,964694.090000000000000000,1722026400000
1722026400000,67664.0100000000000000000000000000,67664.0100000000000000000000000000,67426.7400000000000000000000000000,67427.9800000000000000000000000000,22.95745000,1550928.680000000000000000,1722026700000
1722026700000,67427.9800000000000000000000000000,67557.9800000000000000000000000000,67416.8400000000000000000000000000,67520.9500000000000000000000000000,20.49700000,1383707.210000000000000000,1722027000000
1722027000000,67520.9500000000000000000000000000,67605.3100000000000000000000000000,67468.0000000000000000000000000000,67601.6800000000000000000000000000,22.85359200,1543433.880000000000000000,1722027300000
1722027300000,67601.6800000000000000000000000000,67602.0000000000000000000000000000,67413.5000000000000000000000000000,67437.0100000000000000000000000000,17.52221100,1181900.940000000000000000,1722027600000
1722027600000,67437.0100000000000000000000000000,67480.0000000000000000000000000000,67419.8300000000000000000000000000,67472.0000000000000000000000000000,15.75454600,1062846.030000000000000000,1722027900000
1722027900000,67472.0000000000000000000000000000,67628.0100000000000000000000000000,67446.0000000000000000000000000000,67600.0000000000000000000000000000,13.20148400,891525.320000000000000000,1722028200000
1722028200000,67600.0000000000000000000000000000,67702.0100000000000000000000000000,67588.0800000000000000000000000000,67692.9700000000000000000000000000,21.80496500,1475023.830000000000000000,1722028500000
1722028500000,67692.9700000000000000000000000000,67800.0000000000000000000000000000,67692.9700000000000000000000000000,67780.0000000000000000000000000000,16.52751000,1119841.800000000000000000,1722028800000
1722028800000,67780.0000000000000000000000000000,67942.0100000000000000000000000000,67780.0000000000000000000000000000,67869.9900000000000000000000000000,17.42604900,1182678.100000000000000000,1722029100000
1722029100000,67869.9900000000000000000000000000,68000.0000000000000000000000000000,67866.0000000000000000000000000000,67925.8300000000000000000000000000,17.59157600,1194883.910000000000000000,1722029400000
1722029400000,67925.8300000000000000000000000000,68016.7000000000000000000000000000,67920.0100000000000000000000000000,67932.0100000000000000000000000000,10.07232000,684656.480000000000000000,1722029700000
1722029700000,67932.0100000000000000000000000000,67977.7700000000000000000000000000,67844.8100000000000000000000000000,67974.0100000000000000000000000000,8.99029100,610453.070000000000000000,1722030000000
1722030000000,67974.0100000000000000000000000000,68073.7200000000000000000000000000,67926.0000000000000000000000000000,68068.9600000000000000000000000000,17.28528700,1175558.530000000000000000,1722030300000
1722030300000,68068.9600000000000000000000000000,68200.0100000000000000000000000000,68044.0000000000000000000000000000,68200.0000000000000000000000000000,21.03844000,1433572.720000000000000000,1722030600000
1722030600000,68200.0000000000000000000000000000,68200.0000000000000000000000000000,67955.4500000000000000000000000000,67955.4500000000000000000000000000,16.20788400,1103793.540000000000000000,1722030900000
1722030900000,67955.4500000000000000000000000000,68022.0100000000000000000000000000,67930.0000000000000000000000000000,67946.0000000000000000000000000000,11.91723100,810025.810000000000000000,1722031200000
1722031200000,67946.0000000000000000000000000000,67955.9900000000000000000000000000,67888.0000000000000000000000000000,67904.6200000000000000000000000000,19.34082300,1313656.420000000000000000,1722031500000
1722031500000,67904.6200000000000000000000000000,67940.0100000000000000000000000000,67867.2600000000000000000000000000,67883.0600000000000000000000000000,14.45317200,981569.650000000000000000,1722031800000
1722031800000,67883.0600000000000000000000000000,67924.0000000000000000000000000000,67855.4300000000000000000000000000,67899.9900000000000000000000000000,13.72753900,931896.640000000000000000,1722032100000
1722032100000,67899.9900000000000000000000000000,68018.0000000000000000000000000000,67884.0000000000000000000000000000,68018.0000000000000000000000000000,17.01294400,1155467.420000000000000000,1722032400000
1722032400000,68018.0000000000000000000000000000,68059.4400000000000000000000000000,67964.0000000000000000000000000000,68059.4400000000000000000000000000,20.80069000,1414766.090000000000000000,1722032700000
1722032700000,68059.4400000000000000000000000000,68084.3900000000000000000000000000,67971.5700000000000000000000000000,68001.9900000000000000000000000000,15.27294700,1039017.760000000000000000,1722033000000
1722033000000,68001.9900000000000000000000000000,68010.6400000000000000000000000000,67931.5100000000000000000000000000,67932.0000000000000000000000000000,10.05853500,683782.230000000000000000,1722033300000
1722033300000,67932.0000000000000000000000000000,67964.0000000000000000000000000000,67878.0500000000000000000000000000,67963.7700000000000000000000000000,12.04197100,817926.880000000000000000,1722033600000
1722033600000,67963.7700000000000000000000000000,67972.0100000000000000000000000000,67960.0000000000000000000000000000,67972.0100000000000000000000000000,10.84925100,737398.860000000000000000,1722033900000
1722033900000,67972.0100000000000000000000000000,67987.9700000000000000000000000000,67900.0100000000000000000000000000,67942.0100000000000000000000000000,12.97755800,881743.290000000000000000,1722034200000
1722034200000,67942.0100000000000000000000000000,67980.0000000000000000000000000000,67904.6500000000000000000000000000,67948.0000000000000000000000000000,11.41388300,775375.680000000000000000,1722034500000
1722034500000,67948.0000000000000000000000000000,67975.9800000000000000000000000000,67908.0000000000000000000000000000,67926.0000000000000000000000000000,4.96501400,337347.680000000000000000,1722034800000
1722034800000,67926.0000000000000000000000000000,67951.9600000000000000000000000000,67866.0000000000000000000000000000,67866.0100000000000000000000000000,5.38318600,365617.370000000000000000,1722035100000
1722035100000,67866.0100000000000000000000000000,67928.0200000000000000000000000000,67848.0000000000000000000000000000,67928.0000000000000000000000000000,6.52456500,442939.240000000000000000,1722035400000
1722035400000,67928.0000000000000000000000000000,67947.5600000000000000000000000000,67899.0800000000000000000000000000,67908.0100000000000000000000000000,8.41288800,571406.340000000000000000,1722035700000
1722035700000,67908.0100000000000000000000000000,67976.1000000000000000000000000000,67908.0000000000000000000000000000,67954.0000000000000000000000000000,11.61769200,789342.210000000000000000,1722036000000
1722036000000,67954.0000000000000000000000000000,67954.0000000000000000000000000000,67910.0100000000000000000000000000,67934.0000000000000000000000000000,6.61062200,449077.910000000000000000,1722036300000
1722036300000,67934.0000000000000000000000000000,67934.0100000000000000000000000000,67870.0100000000000000000000000000,67870.0100000000000000000000000000,3.35281200,227711.370000000000000000,1722036600000
1722036600000,67870.0100000000000000000000000000,67883.7200000000000000000000000000,67855.1500000000000000000000000000,67865.9800000000000000000000000000,10.64573500,722517.220000000000000000,1722036900000
1722036900000,67865.9800000000000000000000000000,67890.0100000000000000000000000000,67862.3600000000000000000000000000,67888.0000000000000000000000000000,5.83697400,396228.600000000000000000,1722037200000
1722037200000,67888.0000000000000000000000000000,67888.0100000000000000000000000000,67878.0000000000000000000000000000,67878.0100000000000000000000000000,3.39303700,230315.470000000000000000,1722037500000
1722037500000,67878.0100000000000000000000000000,67909.9500000000000000000000000000,67874.0000000000000000000000000000,67909.9500000000000000000000000000,7.31732200,496760.600000000000000000,1722037800000
1722037800000,67909.9500000000000000000000000000,67917.6400000000000000000000000000,67888.0000000000000000000000000000,67913.9900000000000000000000000000,8.88510100,603342.470000000000000000,1722038100000
1722038100000,67913.9900000000000000000000000000,67925.6200000000000000000000000000,67887.9900000000000000000000000000,67907.9900000000000000000000000000,8.21990800,558251.450000000000000000,1722038400000
1722038400000,67907.9900000000000000000000000000,67946.0100000000000000000000000000,67811.7700000000000000000000000000,67868.0100000000000000000000000000,12.50589300,848967.060000000000000000,1722038700000
1722038700000,67868.0100000000000000000000000000,67900.0100000000000000000000000000,67852.0000000000000000000000000000,67884.0100000000000000000000000000,11.00314900,746884.650000000000000000,1722039000000
1722039000000,67884.0100000000000000000000000000,67905.0000000000000000000000000000,67874.0000000000000000000000000000,67905.0000000000000000000000000000,5.94495900,403602.250000000000000000,1722039300000
1722039300000,67905.0000000000000000000000000000,67946.0000000000000000000000000000,67858.6600000000000000000000000000,67895.3200000000000000000000000000,9.76685400,663093.420000000000000000,1722039600000
1722039600000,67895.3200000000000000000000000000,67926.0000000000000000000000000000,67871.7800000000000000000000000000,67880.3500000000000000000000000000,8.71574600,591767.920000000000000000,1722039900000
1722039900000,67880.3500000000000000000000000000,67928.0000000000000000000000000000,67858.0800000000000000000000000000,67924.0000000000000000000000000000,7.01328900,476159.770000000000000000,1722040200000
1722040200000,67924.0000000000000000000000000000,67924.0000000000000000000000000000,67856.3800000000000000000000000000,67856.3800000000000000000000000000,8.17251800,554769.650000000000000000,1722040500000
1722040500000,67856.3800000000000000000000000000,67878.6900000000000000000000000000,67831.2800000000000000000000000000,67836.0100000000000000000000000000,7.20743800,489117.230000000000000000,1722040800000
1722040800000,67836.0100000000000000000000000000,67840.0100000000000000000000000000,67808.0100000000000000000000000000,67828.0000000000000000000000000000,9.15426100,620902.760000000000000000,1722041100000
1722041100000,67828.0000000000000000000000000000,67878.0000000000000000000000000000,67827.9900000000000000000000000000,67876.0100000000000000000000000000,15.26779100,1036044.030000000000000000,1722041400000
1722041400000,67876.0100000000000000000000000000,67914.0100000000000000000000000000,67873.9400000000000000000000000000,67880.0100000000000000000000000000,5.81715100,395005.100000000000000000,1722041700000
1722041700000,67880.0100000000000000000000000000,67884.0000000000000000000000000000,67856.0000000000000000000000000000,67872.2800000000000000000000000000,5.60573500,380492.430000000000000000,1722042000000
1722042000000,67872.2700000000000000000000000000,67874.0000000000000000000000000000,67832.0000000000000000000000000000,67862.0100000000000000000000000000,9.89725700,671663.950000000000000000,1722042300000
1722042300000,67862.0100000000000000000000000000,67862.0100000000000000000000000000,67732.1500000000000000000000000000,67744.0100000000000000000000000000,2.52922000,171535.450000000000000000,1722042600000
1722042600000,67744.0100000000000000000000000000,67794.0100000000000000000000000000,67732.0000000000000000000000000000,67788.0100000000000000000000000000,9.19245100,622878.160000000000000000,1722042900000
1722042900000,67788.0100000000000000000000000000,67802.0100000000000000000000000000,67754.0100000000000000000000000000,67802.0100000000000000000000000000,9.71989400,658831.290000000000000000,1722043200000
1722043200000,67802.0100000000000000000000000000,67815.5700000000000000000000000000,67779.9600000000000000000000000000,67779.9600000000000000000000000000,4.27913100,290126.530000000000000000,1722043500000
1722043500000,67779.9600000000000000000000000000,67796.0000000000000000000000000000,67769.0000000000000000000000000000,67795.9900000000000000000000000000,18.60369900,1260865.880000000000000000,1722043800000
1722043800000,67795.9900000000000000000000000000,67795.9900000000000000000000000000,67751.0000000000000000000000000000,67778.0000000000000000000000000000,22.17474000,1502747.430000000000000000,1722044100000
1722044100000,67778.0000000000000000000000000000,67778.0000000000000000000000000000,67732.6400000000000000000000000000,67732.6500000000000000000000000000,6.47697100,438830.690000000000000000,1722044400000
1722044400000,67732.6500000000000000000000000000,67748.0000000000000000000000000000,67732.4200000000000000000000000000,67745.9900000000000000000000000000,5.60062200,379388.600000000000000000,1722044700000
1722044700000,67745.9900000000000000000000000000,67777.9900000000000000000000000000,67745.9900000000000000000000000000,67748.0000000000000000000000000000,8.29560100,562106.830000000000000000,1722045000000
1722045000000,67748.0000000000000000000000000000,67748.0000000000000000000000000000,67699.0200000000000000000000000000,67708.0000000000000000000000000000,5.97072400,404387.830000000000000000,1722045300000
1722045300000,67708.0000000000000000000000000000,67712.0000000000000000000000000000,67638.3000000000000000000000000000,67658.0000000000000000000000000000,10.88142500,736575.020000000000000000,1722045600000
1722045600000,67658.0000000000000000000000000000,67711.9800000000000000000000000000,67657.9900000000000000000000000000,67686.0100000000000000000000000000,10.87004100,735661.440000000000000000,1722045900000
1722045900000,67686.0100000000000000000000000000,67696.0100000000000000000000000000,67664.0000000000000000000000000000,67664.0100000000000000000000000000,5.45700100,369375.870000000000000000,1722046200000
1722046200000,67664.0100000000000000000000000000,67696.0100000000000000000000000000,67664.0000000000000000000000000000,67696.0000000000000000000000000000,3.64215300,246513.450000000000000000,1722046500000
1722046500000,67696.0000000000000000000000000000,67760.0100000000000000000000000000,67676.0000000000000000000000000000,67750.0100000000000000000000000000,8.86879100,600427.060000000000000000,1722046800000
1722046800000,67750.0100000000000000000000000000,67782.6400000000000000000000000000,67742.0000000000000000000000000000,67782.6300000000000000000000000000,10.82934900,733778.510000000000000000,1722047100000
1722047100000,67782.6300000000000000000000000000,67814.0000000000000000000000000000,67782.6300000000000000000000000000,67813.9900000000000000000000000000,3.25739400,220876.960000000000000000,1722047400000
1722047400000,67813.9900000000000000000000000000,67865.3400000000000000000000000000,67785.0000000000000000000000000000,67852.0100000000000000000000000000,11.45611600,776937.580000000000000000,1722047700000
1722047700000,67852.0100000000000000000000000000,67865.3400000000000000000000000000,67838.3200000000000000000000000000,67865.3300000000000000000000000000,14.18892700,962636.270000000000000000,1722048000000
1722048000000,67865.3300000000000000000000000000,67887.5200000000000000000000000000,67861.6500000000000000000000000000,67887.5100000000000000000000000000,10.31175400,699795.430000000000000000,1722048300000
1722048300000,67887.5100000000000000000000000000,67930.0000000000000000000000000000,67838.0400000000000000000000000000,67916.0100000000000000000000000000,23.03839000,1563876.980000000000000000,1722048600000
1722048600000,67916.0100000000000000000000000000,68060.0000000000000000000000000000,67903.9900000000000000000000000000,68060.0000000000000000000000000000,31.05913600,2111256.850000000000000000,1722048900000
1722048900000,68060.0000000000000000000000000000,68070.0100000000000000000000000000,68000.0000000000000000000000000000,68029.9700000000000000000000000000,32.15989200,2187759.850000000000000000,1722049200000
1722049200000,68029.9700000000000000000000000000,68081.5600000000000000000000000000,67966.5000000000000000000000000000,67966.5100000000000000000000000000,30.45342200,2071704.700000000000000000,1722049500000
1722049500000,67966.5100000000000000000000000000,68008.5000000000000000000000000000,67888.0100000000000000000000000000,67888.0100000000000000000000000000,34.18435600,2322968.040000000000000000,1722049800000
1722049800000,67888.0100000000000000000000000000,67888.0100000000000000000000000000,67799.4500000000000000000000000000,67879.1500000000000000000000000000,25.62962800,1738932.030000000000000000,1722050100000
1722050100000,67879.1500000000000000000000000000,67884.7000000000000000000000000000,67795.5700000000000000000000000000,67808.0000000000000000000000000000,25.97942700,1762687.240000000000000000,1722050400000
1722050400000,67808.0000000000000000000000000000,67850.0000000000000000000000000000,67790.0000000000000000000000000000,67800.3300000000000000000000000000,26.95331600,1827858.130000000000000000,1722050700000
1722050700000,67800.3300000000000000000000000000,67832.4300000000000000000000000000,67792.0000000000000000000000000000,67811.9900000000000000000000000000,16.53855700,1121419.210000000000000000,1722051000000
1722051000000,67811.9900000000000000000000000000,67850.0000000000000000000000000000,67800.0000000000000000000000000000,67816.0000000000000000000000000000,14.39000000,976112.520000000000000000,1722051300000
1722051300000,67816.0000000000000000000000000000,67940.0000000000000000000000000000,67814.8100000000000000000000000000,67878.0000000000000000000000000000,21.23494000,1441741.350000000000000000,1722051600000
1722051600000,67878.0000000000000000000000000000,67878.0000000000000000000000000000,67804.0100000000000000000000000000,67830.0100000000000000000000000000,21.26749800,1442451.690000000000000000,1722051900000
1722051900000,67830.0100000000000000000000000000,67838.6900000000000000000000000000,67801.3200000000000000000000000000,67802.0100000000000000000000000000,22.55115700,1529577.150000000000000000,1722052200000
1722052200000,67802.0100000000000000000000000000,67810.0100000000000000000000000000,67773.0200000000000000000000000000,67809.9900000000000000000000000000,24.63430500,1670090.030000000000000000,1722052500000
1722052500000,67809.9900000000000000000000000000,67810.0000000000000000000000000000,67782.4300000000000000000000000000,67797.9900000000000000000000000000,17.94576700,1216716.910000000000000000,1722052800000
1722052800000,67797.9900000000000000000000000000,67815.1400000000000000000000000000,67782.0500000000000000000000000000,67806.0400000000000000000000000000,21.62568400,1466163.440000000000000000,1722053100000
1722053100000,67806.0400000000000000000000000000,67829.5300000000000000000000000000,67805.9900000000000000000000000000,67829.5200000000000000000000000000,11.14914100,756047.370000000000000000,1722053400000
1722053400000,67829.5200000000000000000000000000,67865.5000000000000000000000000000,67829.5200000000000000000000000000,67864.3800000000000000000000000000,9.97079700,676574.700000000000000000,1722053700000
1722053700000,67864.3800000000000000000000000000,67898.2000000000000000000000000000,67855.3200000000000000000000000000,67874.0000000000000000000000000000,19.25329000,1306910.280000000000000000,1722054000000
1722054000000,67874.0000000000000000000000000000,67884.7900000000000000000000000000,67856.0000000000000000000000000000,67870.0000000000000000000000000000,10.97707600,744987.100000000000000000,1722054300000
1722054300000,67870.0000000000000000000000000000,67876.0000000000000000000000000000,67821.4600000000000000000000000000,67825.6500000000000000000000000000,8.31583500,564230.230000000000000000,1722054600000
1722054600000,67825.6500000000000000000000000000,67832.1000000000000000000000000000,67818.1300000000000000000000000000,67826.5500000000000000000000000000,16.04217900,1088037.190000000000000000,1722054900000
1722054900000,67826.5500000000000000000000000000,67826.5500000000000000000000000000,67795.1000000000000000000000000000,67802.0100000000000000000000000000,15.77254300,1069485.340000000000000000,1722055200000
1722055200000,67802.0100000000000000000000000000,67829.8300000000000000000000000000,67802.0000000000000000000000000000,67829.8200000000000000000000000000,15.79423100,1071075.250000000000000000,1722055500000
1722055500000,67829.8200000000000000000000000000,67866.6000000000000000000000000000,67829.8200000000000000000000000000,67866.6000000000000000000000000000,13.56532700,920336.420000000000000000,1722055800000
1722055800000,67866.6000000000000000000000000000,67890.6800000000000000000000000000,67866.5900000000000000000000000000,67884.0000000000000000000000000000,9.32480600,632962.950000000000000000,1722056100000
1722056100000,67884.0000000000000000000000000000,67884.0000000000000000000000000000,67860.0000000000000000000000000000,67866.0000000000000000000000000000,8.13861000,552355.790000000000000000,1722056400000
1722056400000,67866.0000000000000000000000000000,67928.0100000000000000000000000000,67866.0000000000000000000000000000,67916.0100000000000000000000000000,6.82289600,463220.230000000000000000,1722056700000
1722056700000,67916.0100000000000000000000000000,67926.0100000000000000000000000000,67907.2500000000000000000000000000,67926.0100000000000000000000000000,14.53941400,987555.890000000000000000,1722057000000
1722057000000,67926.0100000000000000000000000000,67926.0100000000000000000000000000,67921.0000000000000000000000000000,67921.0100000000000000000000000000,5.79600200,393680.680000000000000000,1722057300000
1722057300000,67921.0100000000000000000000000000,67924.5000000000000000000000000000,67921.0000000000000000000000000000,67924.5000000000000000000000000000,4.07858600,277026.020000000000000000,1722057600000
1722057600000,67924.5000000000000000000000000000,67998.0500000000000000000000000000,67924.4900000000000000000000000000,67986.0100000000000000000000000000,14.69785200,999036.130000000000000000,1722057900000
1722057900000,67986.0100000000000000000000000000,67990.0000000000000000000000000000,67978.7200000000000000000000000000,67978.7300000000000000000000000000,13.06738700,888385.800000000000000000,1722058200000
1722058200000,67978.7300000000000000000000000000,67984.0000000000000000000000000000,67950.0000000000000000000000000000,67958.0100000000000000000000000000,18.19415700,1236662.780000000000000000,1722058500000
1722058500000,67958.0100000000000000000000000000,67980.0000000000000000000000000000,67958.0000000000000000000000000000,67972.0000000000000000000000000000,8.15251700,554147.920000000000000000,1722058800000
1722058800000,67972.0000000000000000000000000000,67972.0100000000000000000000000000,67920.2300000000000000000000000000,67920.2300000000000000000000000000,1.88015500,127752.640000000000000000,1722059100000
1722059100000,67920.2300000000000000000000000000,67930.8800000000000000000000000000,67897.3000000000000000000000000000,67910.0100000000000000000000000000,13.93605800,946558.030000000000000000,1722059400000
1722059400000,67910.0100000000000000000000000000,67910.0100000000000000000000000000,67892.0300000000000000000000000000,67892.0300000000000000000000000000,3.74290000,254145.770000000000000000,1722059700000
1722059700000,67892.0300000000000000000000000000,67903.6800000000000000000000000000,67885.4600000000000000000000000000,67895.2000000000000000000000000000,6.77684200,460112.500000000000000000,1722060000000
1722060000000,67895.2000000000000000000000000000,67935.0100000000000000000000000000,67890.0000000000000000000000000000,67935.0000000000000000000000000000,8.96882900,609143.290000000000000000,1722060300000
1722060300000,67935.0000000000000000000000000000,67944.1500000000000000000000000000,67886.4700000000000000000000000000,67886.4700000000000000000000000000,6.84289000,464908.370000000000000000,1722060600000
1722060600000,67886.4700000000000000000000000000,67927.1800000000000000000000000000,67886.4700000000000000000000000000,67917.4900000000000000000000000000,15.70101900,1066243.470000000000000000,1722060900000
1722060900000,67917.4900000000000000000000000000,67932.0100000000000000000000000000,67917.4900000000000000000000000000,67928.0200000000000000000000000000,6.44351500,437685.850000000000000000,1722061200000
1722061200000,67928.0200000000000000000000000000,67966.0000000000000000000000000000,67926.7900000000000000000000000000,67966.0000000000000000000000000000,7.42865600,504696.430000000000000000,1722061500000
1722061500000,67966.0000000000000000000000000000,67979.9900000000000000000000000000,67947.9800000000000000000000000000,67979.9800000000000000000000000000,8.28499300,563022.020000000000000000,1722061800000
1722061800000,67979.9800000000000000000000000000,67979.9800000000000000000000000000,67942.6100000000000000000000000000,67942.6200000000000000000000000000,7.40523200,503261.930000000000000000,1722062100000
1722062100000,67942.6200000000000000000000000000,67946.0000000000000000000000000000,67938.5300000000000000000000000000,67938.8800000000000000000000000000,7.92688900,538573.570000000000000000,1722062400000
1722062400000,67938.8800000000000000000000000000,68017.4400000000000000000000000000,67938.8800000000000000000000000000,67994.0000000000000000000000000000,16.54470600,1124783.180000000000000000,1722062700000
1722062700000,67994.0000000000000000000000000000,68052.2800000000000000000000000000,67993.9900000000000000000000000000,68040.1500000000000000000000000000,15.59577400,1061081.050000000000000000,1722063000000
1722063000000,68040.1500000000000000000000000000,68081.0600000000000000000000000000,68031.1200000000000000000000000000,68081.0600000000000000000000000000,16.88792700,1149269.690000000000000000,1722063300000
1722063300000,68081.0600000000000000000000000000,68092.9200000000000000000000000000,68065.9400000000000000000000000000,68092.9200000000000000000000000000,16.08981400,1095399.540000000000000000,1722063600000
1722063600000,68092.9200000000000000000000000000,68143.4800000000000000000000000000,68092.8900000000000000000000000000,68143.4800000000000000000000000000,17.76827500,1210305.410000000000000000,1722063900000
1722063900000,68143.4800000000000000000000000000,68245.0000000000000000000000000000,68136.0000000000000000000000000000,68214.9800000000000000000000000000,65.81668600,4487702.110000000000000000,1722064200000
1722064200000,68214.9800000000000000000000000000,68242.8900000000000000000000000000,68119.9900000000000000000000000000,68160.0000000000000000000000000000,31.06629000,2118562.920000000000000000,1722064500000
1722064500000,68160.0000000000000000000000000000,68164.0100000000000000000000000000,68062.7500000000000000000000000000,68062.7600000000000000000000000000,13.52722700,921462.990000000000000000,1722064800000
1722064800000,68062.7600000000000000000000000000,68133.7400000000000000000000000000,68041.0700000000000000000000000000,68106.0000000000000000000000000000,33.19146200,2260173.380000000000000000,1722065100000
1722065100000,68106.0000000000000000000000000000,68296.0000000000000000000000000000,68106.0000000000000000000000000000,68263.9800000000000000000000000000,43.40496400,2962510.890000000000000000,1722065400000
1722065400000,68263.9800000000000000000000000000,68279.9400000000000000000000000000,68207.8900000000000000000000000000,68231.7400000000000000000000000000,43.97692900,3001303.450000000000000000,1722065700000
1722065700000,68231.7400000000000000000000000000,68271.6600000000000000000000000000,68204.8300000000000000000000000000,68217.9900000000000000000000000000,30.70308200,2095627.350000000000000000,1722066000000
1722066000000,68217.9900000000000000000000000000,68238.0000000000000000000000000000,68198.4900000000000000000000000000,68238.0000000000000000000000000000,17.70577000,1207874.410000000000000000,1722066300000
1722066300000,68238.0000000000000000000000000000,68238.0000000000000000000000000000,68156.3200000000000000000000000000,68158.0000000000000000000000000000,18.49387500,1261068.880000000000000000,1722066600000
1722066600000,68158.0000000000000000000000000000,68158.0000000000000000000000000000,68099.1900000000000000000000000000,68109.4100000000000000000000000000,18.36792200,1251583.780000000000000000,1722066900000
1722066900000,68109.4100000000000000000000000000,68109.4100000000000000000000000000,68036.6400000000000000000000000000,68036.6400000000000000000000000000,8.53713900,581033.790000000000000000,1722067200000
1722067200000,68035.9800000000000000000000000000,68170.5300000000000000000000000000,68035.9800000000000000000000000000,68168.0100000000000000000000000000,32.79308000,2233663.390000000000000000,1722067500000
1722067500000,68168.0100000000000000000000000000,68176.7200000000000000000000000000,68104.4300000000000000000000000000,68122.8000000000000000000000000000,18.74522700,1277217.700000000000000000,1722067800000
1722067800000,68122.8000000000000000000000000000,68122.8100000000000000000000000000,68088.5800000000000000000000000000,68097.0300000000000000000000000000,16.69978300,1137463.320000000000000000,1722068100000
1722068100000,68097.0300000000000000000000000000,68100.7000000000000000000000000000,68043.8400000000000000000000000000,68064.0000000000000000000000000000,21.68056400,1475973.830000000000000000,1722068400000
1722068400000,68064.0000000000000000000000000000,68092.0100000000000000000000000000,68044.0000000000000000000000000000,68044.0000000000000000000000000000,10.94518300,745029.400000000000000000,1722068700000
1722068700000,68044.0000000000000000000000000000,68060.0000000000000000000000000000,67981.7700000000000000000000000000,68006.7400000000000000000000000000,17.22715800,1171670.920000000000000000,1722069000000
1722069000000,68006.7400000000000000000000000000,68022.0000000000000000000000000000,67986.4000000000000000000000000000,67986.7900000000000000000000000000,11.72144300,797106.900000000000000000,1722069300000
1722069300000,67986.7900000000000000000000000000,67986.7900000000000000000000000000,67892.2500000000000000000000000000,67911.9900000000000000000000000000,17.69775100,1202374.540000000000000000,1722069600000
1722069600000,67911.9900000000000000000000000000,67944.7500000000000000000000000000,67894.0000000000000000000000000000,67940.4300000000000000000000000000,20.97365300,1424525.790000000000000000,1722069900000
1722069900000,67940.4300000000000000000000000000,67987.7100000000000000000000000000,67904.4200000000000000000000000000,67914.0100000000000000000000000000,15.74559100,1070082.140000000000000000,1722070200000
1722070200000,67914.0100000000000000000000000000,67948.4200000000000000000000000000,67912.1000000000000000000000000000,67934.7900000000000000000000000000,19.24927700,1307586.910000000000000000,1722070500000
1722070500000,67934.7900000000000000000000000000,67993.9900000000000000000000000000,67934.0200000000000000000000000000,67986.0100000000000000000000000000,18.26467400,1241416.590000000000000000,1722070800000
1722070800000,67986.0100000000000000000000000000,67986.0100000000000000000000000000,67948.4400000000000000000000000000,67971.7800000000000000000000000000,20.98607300,1426382.580000000000000000,1722071100000
1722071100000,67971.7800000000000000000000000000,67977.2400000000000000000000000000,67946.8200000000000000000000000000,67977.2400000000000000000000000000,12.47675000,847971.510000000000000000,1722071400000
1722071400000,67977.2400000000000000000000000000,68085.5200000000000000000000000000,67977.2400000000000000000000000000,68085.5200000000000000000000000000,22.05305600,1500502.730000000000000000,1722071700000
1722071700000,68085.5200000000000000000000000000,68103.2600000000000000000000000000,68042.0000000000000000000000000000,68072.0600000000000000000000000000,32.21727200,2193149.330000000000000000,1722072000000
1722072000000,68072.0600000000000000000000000000,68164.9700000000000000000000000000,68072.0500000000000000000000000000,68164.9700000000000000000000000000,47.20984600,3216265.080000000000000000,1722072300000
1722072300000,68164.9700000000000000000000000000,68197.5000000000000000000000000000,68136.6600000000000000000000000000,68154.0000000000000000000000000000,29.23435400,1993037.320000000000000000,1722072600000
1722072600000,68154.0000000000000000000000000000,68159.3100000000000000000000000000,68112.0000000000000000000000000000,68112.0100000000000000000000000000,14.62530900,996639.070000000000000000,1722072900000
1722072900000,68112.0100000000000000000000000000,68142.0700000000000000000000000000,68100.0100000000000000000000000000,68138.0000000000000000000000000000,20.46724100,1394474.280000000000000000,1722073200000
1722073200000,68138.0000000000000000000000000000,68138.0000000000000000000000000000,68099.7500000000000000000000000000,68137.9900000000000000000000000000,24.30765800,1655837.070000000000000000,1722073500000
1722073500000,68137.9900000000000000000000000000,68155.6900000000000000000000000000,68120.0000000000000000000000000000,68155.0000000000000000000000000000,27.48871900,1873206.250000000000000000,1722073800000
1722073800000,68155.0000000000000000000000000000,68200.0000000000000000000000000000,68154.9900000000000000000000000000,68197.2400000000000000000000000000,21.67810600,1478217.970000000000000000,1722074100000
1722074100000,68197.2400000000000000000000000000,68220.6800000000000000000000000000,68175.8100000000000000000000000000,68217.2000000000000000000000000000,33.92194300,2313634.880000000000000000,1722074400000
1722074400000,68217.2000000000000000000000000000,68231.9900000000000000000000000000,68194.0000000000000000000000000000,68194.0100000000000000000000000000,34.24414300,2335964.820000000000000000,1722074700000
1722074700000,68194.0100000000000000000000000000,68217.9000000000000000000000000000,68162.2700000000000000000000000000,68217.8900000000000000000000000000,12.18301300,830786.620000000000000000,1722075000000
1722075000000,68217.8900000000000000000000000000,68255.0400000000000000000000000000,68217.8900000000000000000000000000,68255.0000000000000000000000000000,37.67238800,2570882.810000000000000000,1722075300000
1722075300000,68255.0000000000000000000000000000,68268.0100000000000000000000000000,68198.0000000000000000000000000000,68198.2500000000000000000000000000,28.32727900,1932628.160000000000000000,1722075600000
1722075600000,68198.2500000000000000000000000000,68220.0000000000000000000000000000,68161.9600000000000000000000000000,68162.0000000000000000000000000000,17.28019700,1178602.820000000000000000,1722075900000
1722075900000,68162.0000000000000000000000000000,68184.0200000000000000000000000000,68139.0600000000000000000000000000,68171.3800000000000000000000000000,16.98874900,1158071.690000000000000000,1722076200000
1722076200000,68171.3800000000000000000000000000,68183.5300000000000000000000000000,68154.4500000000000000000000000000,68174.0100000000000000000000000000,18.94364800,1291431.440000000000000000,1722076500000
1722076500000,68174.0100000000000000000000000000,68186.0000000000000000000000000000,68144.1900000000000000000000000000,68164.0000000000000000000000000000,20.48893000,1396701.940000000000000000,1722076800000
1722076800000,68164.0000000000000000000000000000,68164.0100000000000000000000000000,68094.0500000000000000000000000000,68099.7600000000000000000000000000,10.26660300,699427.110000000000000000,1722077100000
1722077100000,68099.7600000000000000000000000000,68109.3100000000000000000000000000,68082.9900000000000000000000000000,68107.8400000000000000000000000000,17.16593300,1169039.180000000000000000,1722077400000
1722077400000,68107.8400000000000000000000000000,68154.0100000000000000000000000000,68107.8400000000000000000000000000,68153.9900000000000000000000000000,25.91181800,1765465.190000000000000000,1722077700000
1722077700000,68153.9900000000000000000000000000,68158.4900000000000000000000000000,68134.9100000000000000000000000000,68155.4100000000000000000000000000,17.35302200,1182639.740000000000000000,1722078000000
1722078000000,68155.4100000000000000000000000000,68164.0000000000000000000000000000,68137.9000000000000000000000000000,68152.0100000000000000000000000000,15.37533100,1047918.070000000000000000,1722078300000
1722078300000,68152.0100000000000000000000000000,68152.0100000000000000000000000000,68092.0400000000000000000000000000,68095.9900000000000000000000000000,14.80179900,1008509.940000000000000000,1722078600000
1722078600000,68095.9900000000000000000000000000,68096.0000000000000000000000000000,68053.1200000000000000000000000000,68057.9900000000000000000000000000,20.51973200,1396681.100000000000000000,1722078900000
1722078900000,68057.9900000000000000000000000000,68100.0000000000000000000000000000,68026.1000000000000000000000000000,68048.0200000000000000000000000000,26.06946600,1774387.490000000000000000,1722079200000
1722079200000,68048.0200000000000000000000000000,68091.9900000000000000000000000000,68016.0000000000000000000000000000,68031.6600000000000000000000000000,17.04221700,1160031.510000000000000000,1722079500000
1722079500000,68031.6600000000000000000000000000,68096.0000000000000000000000000000,68031.6600000000000000000000000000,68088.0100000000000000000000000000,12.60071300,857847.690000000000000000,1722079800000
1722079800000,68088.0100000000000000000000000000,68176.4100000000000000000000000000,68088.0000000000000000000000000000,68175.1800000000000000000000000000,22.94635000,1563631.090000000000000000,1722080100000
1722080100000,68175.1800000000000000000000000000,68181.1100000000000000000000000000,68154.0000000000000000000000000000,68160.3700000000000000000000000000,31.80067300,2167811.250000000000000000,1722080400000
1722080400000,68160.3700000000000000000000000000,68195.5500000000000000000000000000,68160.3700000000000000000000000000,68163.8000000000000000000000000000,24.58529600,1676140.210000000000000000,1722080700000
1722080700000,68163.8000000000000000000000000000,68184.3500000000000000000000000000,68146.0100000000000000000000000000,68183.1700000000000000000000000000,20.81467100,1419068.820000000000000000,1722081000000
1722081000000,68183.1700000000000000000000000000,68183.1700000000000000000000000000,68162.3500000000000000000000000000,68177.5600000000000000000000000000,10.81261800,737056.670000000000000000,1722081300000
1722081300000,68177.5600000000000000000000000000,68212.0000000000000000000000000000,68177.5600000000000000000000000000,68209.8800000000000000000000000000,21.98860600,1499545.510000000000000000,1722081600000
1722081600000,68209.8800000000000000000000000000,68420.0000000000000000000000000000,68195.4300000000000000000000000000,68392.0100000000000000000000000000,58.88537200,4022727.140000000000000000,1722081900000
1722081900000,68392.0100000000000000000000000000,68470.6200000000000000000000000000,68338.0100000000000000000000000000,68408.0100000000000000000000000000,80.42418800,5501599.210000000000000000,1722082200000
1722082200000,68408.0100000000000000000000000000,68445.2500000000000000000000000000,68348.0000000000000000000000000000,68363.5700000000000000000000000000,51.23317800,3504153.730000000000000000,1722082500000
1722082500000,68363.5700000000000000000000000000,68422.0000000000000000000000000000,68344.0300000000000000000000000000,68422.0000000000000000000000000000,44.22706100,3023774.690000000000000000,1722082800000
1722082800000,68422.0000000000000000000000000000,68422.0000000000000000000000000000,68320.3000000000000000000000000000,68325.1900000000000000000000000000,26.04151000,1780887.360000000000000000,1722083100000
1722083100000,68325.1900000000000000000000000000,68342.0100000000000000000000000000,68288.0000000000000000000000000000,68298.0000000000000000000000000000,27.92502100,1907606.260000000000000000,1722083400000
1722083400000,68298.0000000000000000000000000000,68365.5000000000000000000000000000,68289.1900000000000000000000000000,68365.5000000000000000000000000000,26.57124200,1815397.560000000000000000,1722083700000
1722083700000,68365.5000000000000000000000000000,68365.5300000000000000000000000000,68314.2700000000000000000000000000,68319.9900000000000000000000000000,32.21160100,2201711.150000000000000000,1722084000000
1722084000000,68319.9900000000000000000000000000,68398.0100000000000000000000000000,68308.0000000000000000000000000000,68397.9900000000000000000000000000,39.41666300,2694259.970000000000000000,1722084300000
1722084300000,68397.9900000000000000000000000000,68442.5800000000000000000000000000,68379.3100000000000000000000000000,68442.5800000000000000000000000000,47.05589100,3219608.130000000000000000,1722084600000
1722084600000,68442.5800000000000000000000000000,68450.0000000000000000000000000000,68376.4600000000000000000000000000,68382.4900000000000000000000000000,43.64185100,2986182.470000000000000000,1722084900000
1722084900000,68382.4900000000000000000000000000,68400.0000000000000000000000000000,68340.4700000000000000000000000000,68400.0000000000000000000000000000,18.59332700,1271083.180000000000000000,1722085200000
1722085200000,68400.0000000000000000000000000000,68438.6800000000000000000000000000,68399.9900000000000000000000000000,68437.9800000000000000000000000000,45.67962100,3125441.070000000000000000,1722085500000
1722085500000,68437.9800000000000000000000000000,68558.9900000000000000000000000000,68401.1000000000000000000000000000,68530.0000000000000000000000000000,58.48649600,4004342.620000000000000000,1722085800000
1722085800000,68530.0000000000000000000000000000,68881.7600000000000000000000000000,68530.0000000000000000000000000000,68862.0000000000000000000000000000,96.90870000,6660996.600000000000000000,1722086100000
1722086100000,68862.0000000000000000000000000000,68894.0000000000000000000000000000,68736.7600000000000000000000000000,68798.0200000000000000000000000000,100.42936000,6910751.790000000000000000,1722086400000
1722086400000,68798.0200000000000000000000000000,68804.0000000000000000000000000000,68750.7400000000000000000000000000,68777.9900000000000000000000000000,51.74098500,3558528.360000000000000000,1722086700000
1722086700000,68777.9900000000000000000000000000,68863.5000000000000000000000000000,68777.9900000000000000000000000000,68830.7100000000000000000000000000,70.39237500,4844211.000000000000000000,1722087000000
1722087000000,68830.7100000000000000000000000000,68970.0000000000000000000000000000,68779.9600000000000000000000000000,68949.5000000000000000000000000000,81.64153100,5620451.270000000000000000,1722087300000
1722087300000,68949.5000000000000000000000000000,69040.0100000000000000000000000000,68900.0000000000000000000000000000,68920.0000000000000000000000000000,95.30472300,6573096.130000000000000000,1722087600000
1722087600000,68920.0000000000000000000000000000,69100.0000000000000000000000000000,68916.0000000000000000000000000000,69099.9900000000000000000000000000,88.91067100,6134386.070000000000000000,1722087900000
1722087900000,69099.9900000000000000000000000000,69383.5700000000000000000000000000,69084.2300000000000000000000000000,69313.7500000000000000000000000000,149.78431300,10378133.600000000000000000,1722088200000
1722088200000,69313.7500000000000000000000000000,69326.4100000000000000000000000000,69202.9800000000000000000000000000,69234.0100000000000000000000000000,110.25673500,7636783.760000000000000000,1722088500000
1722088500000,69234.0100000000000000000000000000,69266.0000000000000000000000000000,69188.2900000000000000000000000000,69226.0100000000000000000000000000,82.72387400,5726509.870000000000000000,1722088800000
1722088800000,69226.0100000000000000000000000000,69399.9900000000000000000000000000,69226.0100000000000000000000000000,69340.0000000000000000000000000000,88.83468400,6157650.590000000000000000,1722089100000
1722089100000,69340.0000000000000000000000000000,69386.0000000000000000000000000000,69132.0000000000000000000000000000,69160.0000000000000000000000000000,82.07190300,5685505.020000000000000000,1722089400000
1722089400000,69160.0000000000000000000000000000,69184.0000000000000000000000000000,69077.8600000000000000000000000000,69160.0000000000000000000000000000,64.01593300,4426033.270000000000000000,1722089700000
1722089700000,69160.0000000000000000000000000000,69174.4900000000000000000000000000,69066.0200000000000000000000000000,69092.0100000000000000000000000000,37.83594800,2615122.980000000000000000,1722090000000
1722090000000,69092.0100000000000000000000000000,69124.9500000000000000000000000000,68992.7400000000000000000000000000,69050.0000000000000000000000000000,32.77084200,2263308.960000000000000000,1722090300000
1722090300000,69050.0000000000000000000000000000,69050.0000000000000000000000000000,68794.4600000000000000000000000000,68922.2700000000000000000000000000,51.00067200,3515549.770000000000000000,1722090600000
1722090600000,68922.2700000000000000000000000000,69048.0100000000000000000000000000,68845.7500000000000000000000000000,69048.0100000000000000000000000000,50.09066800,3453692.490000000000000000,1722090900000
1722090900000,69048.0100000000000000000000000000,69099.5500000000000000000000000000,68994.0000000000000000000000000000,69080.0000000000000000000000000000,59.30487600,4094923.160000000000000000,1722091200000
1722091200000,69080.0000000000000000000000000000,69087.7500000000000000000000000000,68978.0000000000000000000000000000,69031.6600000000000000000000000000,33.65013000,2323159.660000000000000000,1722091500000
1722091500000,69031.6600000000000000000000000000,69031.6600000000000000000000000000,68935.5000000000000000000000000000,68946.0100000000000000000000000000,19.65631600,1355663.570000000000000000,1722091800000
1722091800000,68946.0100000000000000000000000000,68971.3100000000000000000000000000,68860.6100000000000000000000000000,68860.6100000000000000000000000000,24.37758100,1679759.810000000000000000,1722092100000
1722092100000,68860.6100000000000000000000000000,68998.0100000000000000000000000000,68825.3800000000000000000000000000,68982.0000000000000000000000000000,32.35098800,2229481.360000000000000000,1722092400000
1722092400000,68982.0000000000000000000000000000,69082.0000000000000000000000000000,68970.9900000000000000000000000000,69035.4200000000000000000000000000,45.72992500,3156837.570000000000000000,1722092700000
1722092700000,69035.4200000000000000000000000000,69035.4200000000000000000000000000,68826.0000000000000000000000000000,68826.0000000000000000000000000000,54.68882900,3767797.420000000000000000,1722093000000
1722093000000,68826.0000000000000000000000000000,68935.5200000000000000000000000000,68771.5400000000000000000000000000,68827.9800000000000000000000000000,84.30286600,5803907.970000000000000000,1722093300000
1722093300000,68827.9800000000000000000000000000,68898.0100000000000000000000000000,68695.9900000000000000000000000000,68889.8100000000000000000000000000,67.24304600,4626700.460000000000000000,1722093600000
1722093600000,68889.8100000000000000000000000000,68962.0100000000000000000000000000,68840.0000000000000000000000000000,68958.0100000000000000000000000000,95.18253100,6559053.260000000000000000,1722093900000
1722093900000,68958.0100000000000000000000000000,68984.2700000000000000000000000000,68784.5300000000000000000000000000,68788.0000000000000000000000000000,64.08677600,4414855.570000000000000000,1722094200000
1722094200000,68788.0000000000000000000000000000,68836.0300000000000000000000000000,68706.0000000000000000000000000000,68750.0000000000000000000000000000,61.64856400,4240159.560000000000000000,1722094500000
1722094500000,68750.0000000000000000000000000000,68779.9900000000000000000000000000,68645.2600000000000000000000000000,68769.9900000000000000000000000000,79.99356200,5498545.080000000000000000,1722094800000
1722094800000,68769.9900000000000000000000000000,68800.0000000000000000000000000000,68712.3100000000000000000000000000,68712.3100000000000000000000000000,77.19130500,5308251.120000000000000000,1722095100000
1722095100000,68712.3100000000000000000000000000,68761.6800000000000000000000000000,68583.6900000000000000000000000000,68761.6800000000000000000000000000,87.57386500,6012210.660000000000000000,1722095400000
1722095400000,68761.6800000000000000000000000000,68802.6900000000000000000000000000,68728.0000000000000000000000000000,68802.0100000000000000000000000000,92.94934500,6391704.310000000000000000,1722095700000
1722095700000,68802.0100000000000000000000000000,68861.2100000000000000000000000000,68802.0100000000000000000000000000,68843.9900000000000000000000000000,45.99281400,3166158.330000000000000000,1722096000000
